1
3 0.50
5
1 3 2 3 1
3 2 3 3 2
10 15 20 20 13
1.00
1.00
1.00
0.45	0.32	0.23
0.40	0.17	0.43
0.36	0.34	0.30
0.50	0.50
0.45	0.55
0.48	0.52
0.11	0.50	0.39
0.29	0.36	0.35
0.46	0.22	0.32
1.00
1.00
1.00
0.50	0.34	0.16
0.26	0.26	0.48
0.15	0.21	0.64
0.62	0.38
0.52	0.48
0.26	0.74
0.33	0.33	0.34
0.40	0.25	0.35
0.10	0.86	0.04
0.38	0.42	0.20
0.26	0.64	0.10
0.65	0.11	0.24
0.39	0.61
0.16	0.84
0.61	0.39
2 
4 
3 
2 
6
5 
2 
2 
5 
3
5 
2 
4 
2 
3 
2 
1 
4 
6 
8 
5 
3 
2 
5 
7 
2 
2 
3
20
0